54 81 245
32 67
8 88
31 121
53 95
35 129
32 124
1 116
45 116
36 121
37 119
47 66
44 129
43 105
15 103
5 120
28 130
29 115
31 87
42 73
24 114
31 55
0 65
44 68
36 109
7 115
21 61
1 73
37 111
14 125
39 79
15 124
51 81
43 73
20 92
52 131
31 122
28 73
2 132
32 77
51 84
25 106
2 96
29 108
27 63
35 88
5 114
5 63
6 131
38 81
19 93
32 90
20 69
3 105
47 121
17 117
8 80
47 61
40 63
6 76
31 57
42 84
20 131
21 119
16 103
8 61
30 107
46 115
51 72
3 100
14 80
30 60
49 77
47 99
49 103
39 114
27 134
7 54
35 92
51 55
15 106
23 118
36 111
12 84
3 60
13 95
15 121
14 95
45 108
52 110
6 134
10 62
13 133
13 77
20 72
13 130
5 134
31 132
40 124
1 123
23 111
9 127
12 117
15 133
3 65
37 93
11 82
31 81
23 128
5 101
31 58
15 68
1 74
8 107
51 88
40 58
9 67
49 85
36 61
3 103
47 112
52 116
36 116
25 111
29 96
15 76
17 122
20 82
1 79
40 120
22 104
26 90
41 121
42 114
37 101
22 55
42 101
45 83
1 80
35 84
13 68
13 110
24 109
17 82
7 112
33 98
27 68
18 125
44 90
53 118
7 126
52 79
16 121
8 78
43 128
43 104
32 54
30 54
33 70
31 54
21 125
52 112
2 68
13 126
25 82
21 69
37 130
32 122
18 83
34 115
44 115
13 64
8 66
38 117
31 94
31 92
9 102
30 108
10 63
13 66
53 103
29 95
35 117
32 74
20 83
8 83
52 108
12 70
8 109
15 109
20 104
33 80
21 79
49 134
29 104
21 102
24 127
43 99
3 93
1 114
12 123
11 78
32 101
29 128
26 107
5 74
53 125
43 69
19 56
42 108
15 58
21 128
25 88
42 77
0 55
49 92
32 85
45 67
53 58
50 100
39 123
15 84
4 109
36 128
32 87
44 63
49 80
4 118
19 82
53 97
34 74
29 90
3 79
32 106
51 111
45 89
7 72
12 85
9 82
28 104
4 120
7 134
0 107
34 78
22 131
39 131
