50 77 253
26 111
45 85
40 119
44 59
34 103
32 90
47 55
7 115
5 69
28 51
33 104
37 79
17 86
23 96
32 63
26 121
49 108
17 66
12 83
26 110
14 72
28 78
5 113
21 92
15 71
19 67
12 84
11 50
38 84
47 68
0 109
25 75
13 112
32 107
20 115
32 97
2 89
25 104
33 54
20 104
5 60
33 71
11 119
7 54
1 66
8 69
41 64
38 121
44 87
3 116
5 80
32 124
4 51
2 75
46 51
42 57
20 67
35 65
5 92
0 63
0 112
4 93
12 108
29 100
34 84
40 107
15 84
10 116
14 112
40 120
47 113
18 76
15 100
33 74
29 73
7 55
11 67
1 101
8 119
47 105
3 87
45 83
45 81
10 100
30 74
38 77
39 98
8 57
4 72
4 67
26 61
6 63
43 93
48 78
25 114
15 104
43 75
40 114
43 121
9 101
22 103
44 70
39 70
8 91
11 122
17 81
37 102
39 83
48 121
16 50
29 90
35 116
23 83
16 91
24 57
48 107
10 119
15 99
17 83
31 119
1 98
36 54
6 92
24 66
14 52
23 63
30 98
43 53
2 124
10 124
45 98
10 106
13 61
30 108
42 74
46 62
9 67
25 93
28 113
20 64
16 56
30 125
37 108
33 124
4 116
5 54
22 115
2 55
18 53
6 100
14 88
26 85
37 92
27 114
37 124
28 100
20 79
11 115
45 64
13 50
0 72
24 110
2 77
36 59
9 56
13 106
3 68
26 101
13 98
0 98
30 57
40 70
8 67
37 69
23 60
6 113
8 124
43 89
0 92
4 58
39 113
29 52
47 53
22 60
13 124
1 96
40 52
28 85
35 103
21 123
45 92
8 112
28 119
37 73
5 88
34 61
41 52
48 102
13 71
29 59
5 116
40 113
9 50
44 68
26 81
7 122
11 51
24 76
7 71
10 103
24 78
21 61
7 105
49 63
16 62
16 51
7 81
16 106
41 56
6 102
1 64
31 77
30 66
19 71
30 79
15 114
5 107
47 119
29 117
8 88
13 104
43 125
24 56
14 61
31 118
27 70
28 59
40 50
20 74
9 100
25 81
43 87
12 62
13 120
49 126
34 78
35 93
23 84
5 119
42 105
26 99
13 116
19 50
